((("spacemacs-dark" .
   [0 0 0 0 0 0 1 0 0 0 0 1 0 0])
  ("spacemacs" .
   [1 0 0 0 0 0 0 0 0])
  ("e" .
   [2])
  ("createHTTPClient" .
   [0 0 0 1 0 0 0 0 0 0 0 0 0 0 0 0])
  ("client" .
   [1 0 0 0 0 0])
  ("continue" .
   [0 0 0 0 0 1 0 0])
  ("cls" .
   [1 0 0])
  ("Println" .
   [0 0 1 0 0 1 1])
  ("import" .
   [0 0 0 1 0 0])
  ("vector" .
   [0 0 0 0 1 0])
  ("cls11" .
   [1 0 0 1 0])
  ("system" .
   [0 0 1 0 0 0])
  ("sdfsdf" .
   [1 0 0 0 0 0])
  ("a" .
   [1])
  ("init-go" .
   [2 0 0 0 0 0 0])
  ("provide" .
   [1 0 0 0 0 0 0])
  ("io" .
   [1 0])
  ("st" .
   [1 0])
  ("str" .
   [1 0 0])
  ("main" .
   [1 0 0 0])
  ("std" .
   [1 0 0])
  ("string" .
   [1 0 0 0 0 0])
  ("s" .
   [1])
  ("assign" .
   [2 0 0 0 0 0])
  ("ass" .
   [1 0 0])
  ("P" .
   [1])
  ("Result" .
   [0 0 0 1 0 0])
  ("req" .
   [2 0 0])
  ("GOPATH2" .
   [1 0 0 0 0 0 0])
  ("kill" .
   [1 0 0 0])))
